$ANSIBLE_VAULT;1.1;AES256
32636332326533626138623133313333356262633537656661363761343432336335363431613563
6334373561363838373462393264326238353530376232620a323237306531333139396433623339
36326338666161333465653433373534626362646466613535663662613361616237373131656234
3265653531343963640a623037363531373734383737626231623262376463336137353837376361
39363965373934636166336332373932363162663266373533393338356635346339363233653466
62303333393761623137633664663963353330656238626635656638653431323065653861333432
63366635633465626534396439663864336537333638633031393531626530376563636630363364
33333462616230646331363866303932393661326163636634303533643562366330363231393562
37343735666562646565646633666365313937323365343233323761663166313934646332613462
30383132356639393665323132303961336139303534333439396638393037663531343066663833
65353364306638623031666434373333666333346536356138623363663838626561316538373930
32653937616166623063636363343463633232633830333738373165653466336366343239633338
37343639323338623666353031373133323631353334333937663633333632653133666130333537
32353535393539343462633566616463663161303364313536613564633962633735343362383663
61643363376662633831373061353334383261663664323430363333356164666631333065336563
30646532356164623665373335353266663162393663326165636133383831613436323937393832
64633536333462363662663131613763336231643464653364306439626330333032383739653637
37343163373831396430316162663838323936633939396464643536623230363863666433356434
36643365323061313739393734353063653537626462653131636130633063303639346638623735
62363562306162393637363761633965383335653566316436326264626163353633373263616434
35333064623165636431306431373961326164623262656364643139356538323639366461306536
31653066313335633133393634316234353139656662653064613063396364613137383132633762
65323639666238663638376163336136326533626362303066373130656330383264353838313538
64383661383338643238303863306534383035313866336635636336346465343130626661346566
6436
