$ANSIBLE_VAULT;1.1;AES256
33626361356536623335646238373436653264323066636238326333316561616565346134616536
6336626131393436646337386638623632386337373431370a623937363461306433653161663939
62343238653962633264396539353637376334336533623066613631653436646531396663613938
3763346462616234610a316236346666303535363530393535643636383932626636376562376234
37333739343665373839323039633331626232316231396437306133363264383433636163626362
35666439613532373862636165333862613665643133636534366134626130643735636433393866
38633661376632336263656431316562356364353464393739343666623839336135346238323166
64383264353265363664653364623031336534336130653338303965313132633464393435373430
39366362626434356162386364663261366336383137313961323537333166393736646461616434
65323432303334393730323163356535323935393534336262373132343863393765643632366636
36346639363263313762353037333939336666366165343135353862363335663037383866613962
32613439303039366164366138613565336432393663633036326134366530376461343031343837
65666238616238656632653139626437386264313935396535613434333031623161326363393433
35386139346264653037356364376634646132353439353263313431663161346130306430343664
30323135353766383430653965373232626531343239636436326432663532303538643931343231
37393832383861303464623437366138373732643238626234333733633863303537643939313062
36336430646530383239346463643430626632623662666139336439653264306634666637393430
65353563623533643964663035353735323266383965616639613137613233306135663365383132
63366561626238633364383466616639396165333233316366376237323062306339353164386338
34376661396231366235656632363164313934636161383830393764333037353564623334326337
32306535623866363330363334343239653637633937623664633131663130353262313035316130
38623139353937323639333764663538303931626332323431383862333165396433653533633238
32353361313739373466643263656132396664383064343865363365623532653339663861346634
63353835353535663263653962306637343232663930663537363466306535333664353266643662
39383164333961336432373830376132333739353839613161356264613738373539366566363363
39373362366561633266386466353865353365393763633235663464343865386137353030313165
32366161646364313432383237623066393863653632316162646663663662636536613063663939
38626661656462653035313838376636666366393762656132363630636661636466383661323466
37653334363664336666353364653336646464353639343539366266343266626466616532333866
34666463343431633465313731636633393132643033353965653464303137623834636661323539
35343563646563316464323038653132636432393034396331633362353064393134376366626338
32383838356635303230323733613436326633353835346535316530373238303762353962363465
3965
