$ANSIBLE_VAULT;1.1;AES256
64646339373164653436626538343131343235343331373439396436633366373238653263303533
6563613463303438613162383233613530623931353764630a636236623433333733326161613761
63633930373630666363626336623733613132393133613533616238643863663461393866636334
3330363437653263370a323032323036376633396639383432376161306261376537393163636337
37343739646236363136646538363239613036653766623933303735646136626435396439336562
30303835313761333966323530326134396135656331316133646637613966333336393830613836
66336263306533393365326533303331346266343065313938616334366564306661613436353531
39373737313161626637623539343730633432373833346165383932646239353030373064363662
37323162646362666434343533303861336365363432353439653533643336333464613132343836
61333334323936336362626665393531373336633733646566373630343764363366383763333363
62643564626366346236396639393761623632653439313334643663666232636132376438633362
39373635386536316339343631356166653433393339353963373663373732343763313130353030
35306163373663373838346231336664366338366263313639656661386430393634316232376331
65366566653937363233303033653463643735363261376135383030633262316236653462643930
32313861396161323635353430336535306361643931393761373931653638326133383131306239
37363365376234653034393931366264336337313636626630386262636166333633313838313035
39333964663338643037333636363735393465656632373664656461613062663461373137326634
65623931363663383630386635636536666638343038626338313838626136373436663664633863
62616132383865613230353837653664666631623435316635353366333332323238613364343565
32656562656638663830646265313866393238373431646161383739346231316230343534396364
35353361663962383831396433303037366166656462656137346263356663643835393466373532
38643930623330663061393831386665643864626565643432386635366665383930666530316361
35383462363833346436333736353532356138663831323032653661613930393739623439643231
36396531613332353163376231356639343066353761663438386632326164663933616137353362
64346465663336666161316634643464363537306538663565346463393564373361623732643366
39666334386265326230663837336564303563366233646434623031396164373932393234396462
63396433326364663963393537643636636333323466636336333661353332303135373962323564
36306336663437303834393834376438616132313736326366343936303436376339383338663863
36323632626230623735326537636534383438623730386436666237656362303033636331383063
31346538346539396432396362376665666339363830623965363834653463383261313163333039
35613763333932323030323133376533313737616539656666343536613765323130633136356562
62616338306533386434343635366537633536336536396465303331653638636134376163343166
65386435636364663862303038633733323239363065373330313732646231323732383561356264
35626361343834343133363136336461383533623335616433643536336532613237373066346235
63656361653831353466386237623337366434303930613532623263643831613139393034613835
35393839373465373461363666383739343738376134626136326163336235633365346438393335
61343736333332363962393163323964393236313264313463383139623430323139386338626263
66366461643061323562313637343632653930363062393133386462316466663836633638356633
62363964306531343137326232336262653164373465643435323663663961633535616632366337
62653863303631613736656465393530326431346131366137313238393763373064316361313862
38653132623564663563346562353439656466306133396238323237333831343936366139333662
34653363373064326364353733633830316131373431383764663861363962633239626336313732
34633763386532646635313666396563353437303736336463346433366363383665316435303462
35663234383161383432376162306634326666666165303365376437313933663535613530663362
66656236306263613638373361343539653034643964313732393830643664353966306636326432
63306334346630626461636635343239663738316336613933653761333437626138656135306432
39393036333733616466363161623335613366663138623363386438623066346238363231643731
32303831653466393764613037323463383633363333633665366637386666663639626464386638
39646161326566346239383035363337363132383530373234303564363064383338636136613039
36663838333465396339323532626564616335656236653664643032633132643135336563336163
65663236373836316263613961633133356331613461623663656162333634623761666264356635
63663866663865393736636630623434663134656634363762616531323665393862646136353939
36663736373965383932626232393466343938343564616266333032343134316536323365373264
38323630356365393932646361393533363961323963363763666263316464316338313530336662
39363038336362363631373430393130376633656239383030613535663931303564633764316365
30343766376461353038653464326266623862373838363337653935643034633030393338656365
64663865386133613438306435663462613566643565653035346534383666373032323639363330
33313733376436646265313363356565363538663234653230323266623633303030393963666636
38343062373033646332396533636636633033373338363163323061626562376362653566363230
62313637623765633034303030643861613863346632653730653031636636383364633365623234
66303432313632356533316137663530343462346161396431616362643962633630633937396136
61373834363234623230383931643463616366336566393264666435646633396533656665653831
38656334363562633633653037653032343766613363646165313434343036323738393139343639
38396135656435373039333966353964333633653362616462316264303138646435653562613230
33623039346265376562643665653064396439366636633034393866613330633139323430383363
63653638643437653165336565356162313532323030316364346432306138653165313036346331
35373464666531383964336464373666653365323535653466303037313265616537386264653130
33396535623163316536316130366565663734323261623630633765653739303363386632366233
38343336343632396561376330373432616563346537623262623832306162353431623431313235
65323561353061616331316463666462366563353334353361363335633436313932333262633938
33653566643533346566356565656463643831623633626430663766343763643339376130313766
62356130393963346364356235383935363237356138626433636461303365306439306233613335
61373032643235353637373962316638373032376139633539666461666635313434323233323938
38653763343161636665363532336337353233383765623034323938366133646161363966633430
30363438306162353462643232323330333833333430623664326635373563613930616337613132
36393361333164326262663866666135336335333963383263643639633839356135323561633762
35333165636365343633633739303961643366323332373338333730363339633430663831666137
36386563623533343038646533346635666131386663353737613633323735656231613639396466
64646233366236613336363966333065666638313466366436346163383732663966316639666635
37636666616132653631363433616136663262353233616166316130663937303863313737386564
63303831356363666236396663636361636330393966356335393731613063313864616535643130
35616663386636333834623630366434653466353431633764373538353737653365343761356535
65313039393662656332376437663636663738346330323931373861656366333664373161353264
37346430666661653531313565353035626136363835313864323439313135333537386630316235
31626164613735356137616263326665623864366139653839623666323431643665633431316339
62663030313666373136366430333361326335306537313538663935643966666434363762303733
39346631393861353639353631353334633237336139386462663361386330366334353836626465
63363836623062316436333561373734636334643134353331343734373662383864393436333337
30343433393431346135323065363939633739663831633665626232633464313734663939626231
63386164616436393764306234303063626466373937613336393830383433613131356566383865
30323035386463306264323733343465353739396431333463633030633363316632616138643935
39653530613930653531303233323239656465633932393033666239393338363130346339373664
65613262343864653838343264363137333832366461663837663464326130376638366635633438
66393837303634376630326564333766643639313963663161306639363035346464663135613533
64666165373563353532646566663232386635653830333033326664646532616136393763396531
31653162616337383536306135623830346534393063626265313432303762653465376661353238
31333231656563373031653966363034666466393461663762613137313431626534376434336133
32643239313863333764383766626536653430313963363764663036386130376261343734393661
39353330356261636536623633393030653564376563616165343635646434386535316536396362
62323539633838613264333130366239333636643330666137653630396363396538363231366365
65656338336266393536653966613235393765653039353636626438343635336337363665373332
34323536356631333266373666646162346230383632326530393033613436306238333831663732
38333162623665353536316534343834386534323162633163396265656564333865653135313635
35643930376139333630376666383561653135653035356262623432623430653466666363343834
38633761356138623838373438613935323539353537346565386432343463393663386133343665
62333737646431366334373331346636303263333430363037306631333335366438336566663436
62633436663561366365343732393035373132626331383630623132363962656430396238393532
62666134626438353935396166636237306538653761343636346335313665396165346639363561
62626338643364343131383134386339343665306133633234353066623138376161373864626139
35353161306137333430326431383233393930343834326338613061326366376631633933303334
37396336353038333339653135346432626639623838373538363335343935393132323664353735
64336235396430303432646136616364323037616337326364373531366430633662363532373763
32326562356663316131633964356434613538616432376234363062306664633734666464613139
33653234363963626136643537376336346337373637313131366563303330663066346461366531
31356135373133346631643762663135333462623238663139353031316536643264333033396263
37323832383039343766653664323732343437393361393963313562623534613839663035666434
39363531383134346537333762663266636662373763306139643630323135333330626565626638
31306437653435353339323638643932313861363934363764316632393861666133333932656333
66636262393237383639323664313830303338616330633762323039353832336633623264613632
36613066633737343633323531376337643835323465333339633539333563636632383133343335
30323462343230643930633336613038316263393163663836373233386535346233653138613364
66313935333539333662313134353435613661616362623535316331346534383432346662326434
62346161373661346466653864646561343430646230643632323334626632663433343266373234
31633164393166653436373538393561633432303732636233616531326536383738363161616631
30353532306663373366643565633034343738393737343535346163623935633064383536326339
31626536386261643233643733396539663665623363333461323936613363313933383635396637
31356661623865346565303639653337666434633333373764316430393838643231396363323531
66666264663665306438363731373932313038316434383035323464316466376163316136333663
34626633333166336633663436333032316332343633303763623032353136613830323135346237
32393931343830363165613639383238356638643032383965663365656633353962326636646430
36616431393136303135643236623336663166653938623863623663653934613563383031646164
34393737393064373537326463633162383866646662303035336430326465653965376138656637
36303138383364343230623533313461323561643133666633326437616663366361623334333461
39363537336332616233323537643538643533386636393366333766343063346133616465366532
64343232306332306530303637383230333539396637323166626361653732386463643463366164
62356434356564363266313830343234303466633632306666613835353836353663353334383663
65393639653433353166636165653530363537353733356135303233356166376232366133316333
34393835613062653635343630323366663233663863343334303064653031623836356239326537
62313432336332646364316236343165346366336562363764613966313134373339666562643865
65363936303666666135393939646332353635336466653265396330663164366531613765383932
64313132623233666533653037363133346365623161653763393436636639333230623034346438
32323263653638313931386363363931383038656433333561333865313437666531333161626530
62316432333330613134636134613634626561326664303937376336663264386464363038626566
66663764633764623436373438616338646561366636373363356332326665303366643937636331
64303333356333333038643066643462666465336666653539616633633634373561656435396430
34336561646139343839363332663065616466396536666134376438613631653633323266623239
31613339636263353936383831623264633665613964653735643264366139643764613964323263
36373336376562363563383538653464656536346536353731653030396138393234316537303636
31613962376339626164666537323934613461616437373633626334613763363439383366383936
63613233396164336331376462643265626165323065383536323538373464373134613837323438
36326430623064323265346439363163313733616663636663376231643030376333323636353663
63323866373031343736326361613265616238653963326665626533653866393534666331346531
30393930663166643532306334356331653164633966346466643165356134643030393234346235
31396262376163626663656431313037363730646462623865376362623039353938636636333263
34356464616464373361316338336266386433303337313434316536393339393932363462336663
32376363616637646534323965663862366237343061353866663831323439316631303962643134
37653864313461333165343537306639623364653033636661646331373536333262613130366566
39616139376235343535303638323735373361396634343232313230663837633433356433353466
37386335313936313837306365646664613066336130613639323361303234373332303230376139
61386239663461346239653736323735313266656337613162396339336531666336623539306336
35633539623466393732376237333333333761383938316563383566343962383763313466323664
66666231346533333464303766653030333233353139623066323330336363616334373566666633
35326361333235653230336361343537336664383430333935366238653965383538303863383030
36623933613363656564303231656566343066633830623932386264353661363763326436646261
35623534633736396139306161303866623866356264656530633133333761306363373466373332
32663631616535656633366162343335346230333262323938626631656563363266356135646562
34323333393330313764383763303139613637356436383461656365343432396231633831326131
36643834326163613638306337626132623235633535373634356262366561383438393661336130
39343731373536303563623138383065353233646666373530613730633437383937363434333535
63633635316165366365303635316436383230383561353736323936663830353266636133333530
34363864376530383733633430643731303133643562613339393233363537393230363832656633
35303631366163613335396566316265653266353833633861363534386364343036386164303330
31616637623639323337333064363065653666323839633538336431643664383636643935363866
63663834623463373966663565636230343961396630383438643165613662386430333435626434
32623731663734336461363437363233313537303636633364666536626231323430653438383965
39353862346636346639386662633239633034306164626566623565653234373665616466353262
33616130346562623638393035343365306536356635333338316330666136636637363531323764
39303632303662626131323266386335376231376533636232303534353835373163643938373231
62643934313566363661353639633437383134646535313265666364363033623534663037616334
66656164326666353466346461666164323730666337313130323138323236356137333665646337
37643230376430623932303763323735366539336261646130626237363832626166633632316530
66663961663831306330383033366535333930616665343330643636366164383237663436616430
63333433656165353036613364326635366566373966393262353362633531333134633262393539
30326533323731383830363532316666653664316436383861333763366363333230373661633764
61316461336466346130336632396464353634306238353966373065383661373935653130666638
31393332376337346237336239326539646633346639336561656536356638333430353334323464
30373032323837346531343230663139383362656639353864383266636230646337343964393236
34653164393638323638626433373034643034636136396261383862616137333265376138316436
65333839363031653064326531343364663535363863323134613862666136643936373339306665
33333966323534373266393330343664646238356134343739316366343764306362626437333862
66333538626665363831386561616134613331336661373739613164393638353130323964623137
61303265363263666561633861343264656438366565393766613064666331363432383664346534
61303263346662383062666233366365363237663663646536333164643464303663313437373537
64326662626437363834646364653361323639613934336663333636356565313863323931636531
64353266363038386532303566663830373161663732346464666438363934643530363030633465
66656634633363313839623837356162323531323031336437626163326166373663323966646630
35383734386235373631333234363630356362653663303831646634323963313266353133623632
34343131636239653464653238613230663432333139313937306566646437383366306663643964
616463323934346262646464336136333064
