$ANSIBLE_VAULT;1.1;AES256
30333333333264396262666430303436616338616365333166386631393263326638643330333135
6632383539656437393933663363326263313331396134640a326236323931343532643263303566
35373462343665373639386430386237383039663733336461663563343033613936613137623532
3563306266346630320a633538323334393036303565316630343265633335373465346230313961
39633531653461623636383066613037393962376330656231326365323630336463396264643663
63383832306463376666323762326339373137616337373566393138386335346563323434366433
62353264336466343138643963656330373832386430326465313439623936633533303362653339
62643539376366303162376330303234326536306337393735656564373838353865623061666638
38326436393762383263303938313663356363613361356339636630616236666638326536333764
31323965656661616434613034366630373538626562326362326332636461616435616331663039
61313562393534396139393365346161666136646232663861343530393938393932386633643166
36613030376366306463393039616666636236396131353632383736666263663362633430306637
32343663663964666363353639653131393561313132343661316235316564326363666464326137
66316334323334313965613432353065323265363834316137666337346231613538653666393333
35343934666635356237343161646533383638616463353730303166306562663535666533373765
32613362346661363236323465656562333030343534386166613530613463326130666163613664
34353762353764653637356132303432656666303833356438346637383933393461303934633330
30633332323762646164346338366465313265613766353161356635643036616439623136316161
35393231366437616636653038323030363661343562626262623837333437356237306561343135
32396362373033636432613162626336393466373733313966336264636139656330643166343965
66356631656263336637363030393636346331376138346264313066653164366465303463303164
38303639316538613033646130313238303930303037316362363464366635663434303736363263
64333035636433343732376639343435343435383733346565656564623936303433373431653333
62653666643439643834336335343637316361303965653634376434313538656538316231366261
38373764616539646461613065346662633231383534653930336138363039663437316234653163
65656165623937323736373562333665633137373163383766633062623565646261666237363261
30326533386534316332396266343031353837386437663731656537663438663834656562623431
36323736346538666262323733383437376263626161616435656338363662303263323537643534
36356466303231336138633566663434623231376666616333633661616164353564626537633766
39646562663030333861616466306466626333316466636161386365306336663763323063646332
37353833633261623266333132383566343739396664303565636438303837653862306164613038
39646635326164616563613836623361623430316165323231626565666435643735323632643662
64616166323837653932393838633964346565643861653937323834346461653736653737393237
66636639366461646133336664353162656235336261663635396636323531333262366136643935
32636561356435356639666231316563343734616137326631643564353730653138396531346539
30623735396537666432356265353161306133386637333639626266643939393662646331643334
66353736303433383530393531316564653637353763616530343533363334346331623066643930
61386130396661646366613639626131383561316333303262663364303035306538376666346237
30326333366636626163323862353162336333373737623135383037336435326438383963613238
32303131393639663164333863623738323933303935343063383061366532343131393766383166
64323332306330303331303831333336323762616335303765396139643031333931383034626166
65316130333262343763616230643631653635626434343039323832313364306165306533656435
36623635336239323862343034396264353762363839383061376535653938636137616663653664
38643466306366323932353832303430383232333231373634343033383936643931613237343334
37343338346235383961623039323666363036363939346362313566366131623536613761666536
39346235653964313634323361353430353861636365346365316363353831623664343036313965
32636163663032623263306164396335623762633661653264323832633832353932663638383432
30616239616331656437383431663861303966313465666265613731323637343631396166396562
30633436313266333733353234386638613461356632623530663739316437366232353062386462
64613765303162396465366435373262623638666266326339376262353536303138323836353961
30323961346664653135666234613530623837363765653033393264613038303633346266303762
64353539303862333239616334643636633766613764663933663532326161326261353535333164
39316537313936653334383435353364623033396333386532373232663665363531636463393763
35383330363766313730386463623532376538386134646566616465363237363832316437616139
35323233313432356133313533656366333164356164626239333534373337323834336338323466
37303266663738373931393661323735343136663136323737323666663362353832623335333461
63356566343937396333356239363031643964346562336633656464396437633865373536663633
61316131353939326137393663653063646431656233356437333137333538393966666435336139
65623036303936386263303866626539633231396434373661613135383065633561623732653130
38663565333233343532333563343934336537313362353231633432653237626235383335313963
32366534346161653137613565386536373664613838386136333934643265643432343065306634
66663564636530643832396463383732363434353935613432616636343338653130343565396235
31646339653838303265626435363664643038663139313938313031376533626132636331633931
31386135366564313736643863383062383138393730646636373061343338303834356461393239
35346330313565623164653362326661613539343066363062326262333965663438613039363362
39393937376262623037663566373064346231353339303866353834623330336564616462373364
38633463656666353839363634356366393262393963663864303831333932323037613234376261
39353164313666613566333836333837663832626530646564653734323263656138343663313261
30636163653033316364363736393834663736396666653037336335636464336366346337633939
63356564393337383234343333633361343338646333646537343133653863653431623166326139
64396162336261653138616635623864343461623866303737373866376636373566356538633038
37343833363834306433383638346339346565316531353636316364343438626664373038336338
64333930393961323136353731623666336531383264613361326637353164353136313538323030
63303565653466386663363964366333303362393732323931373337646432313035373163653366
32626165313933616137373332643938613964663766366332303832326535336133633962383061
30353861353334383337613566363933663534613362346338346561373638326332326431343462
65656238396663386139626331356663383766313163653232306332653933376530666631303461
37663765383034643735333065326534396335386431653363393534396461616162613237316334
33373664313865363237303166313165333563656635303264636363636238383738656438386564
61396439356466343139626234376136623732383561346237396364363764386463303162636164
37366132663662663737323363363937663530353166363931326538326662663765356637366137
33366331393935373264313037326231623235616465353066663230633936623961353666663865
32386335376230383063306462383636313562333232343431323839656361663964386132376262
32333464336138303265313566316436316562643962353563313162653139633930353338653933
35343431363937626430386632303063346532656537656631346563373030636335636638643939
63663463393435663662373666633463396266666534656531313734363663346634313737613337
34316466396632613966306131313734383563323965386331316361313132666437353230306337
64643662396330663335316233343939663065323265313537643066346363303763643331356431
63366539353963323933323635303564666132396362313333313139373266636666363466663561
61346665623834653435653131306130633734346239353730363431313837323733363562656534
62646436396334303062323338323036623039373763336131303733663639396564643031653437
66346534623036643530396137353430623639326462313738376136663465353430323735303961
66666366323465393834376463326539303261636332316336623533303839353666366639326637
65336464343238363065633435333935656439356630353031356139303436346130326130633466
64613434663930343136303366366166323362346163656639336663353566633031353530313331
37663634383832366561646562666633396566373739333635353533616633326234633633323033
39643938353737356262363639353964646235323062616461396364333338363536323436613066
62653665343235666231323534656233356235633565306666646139626237663366663634343562
38323733333564373139643935626562653964326633633535613537633238373765343362623266
63343664323930343463633963363638303037363532303739306139393065353538633931346531
36336430626536393737613037376135663634623936363339386165663737626431323735393465
35353462376638666231366238643461373436613339346162346363336633366662343061383430
64613966373032323065626362303539366131663736303764653136343935663264383337306338
35643961643838663535663038323935643661323631363937636366656362383564313062396435
66643039383439613566306336343661386162393230663934646431343766366334353537663064
31376234326230336264383964633235346163396337636333383864313063336433386666653365
64643863333634636465333731646138646365616532376164653739636265356536336638653734
61333165643364353563313662663662306334656263626639393039373638623865346132636563
36366535366332623537316562333436393862353831313164646562666662363033333366376433
64306565623666616335613065616663366561353730346564393132393533313439623135666161
30386233356364633631666337346632336334363939396566313066643637626432313464646234
39393430666363396264313530346262353866363164333939613461663764333432343636333036
63343165316539326164616466366633633266323330643431383464326262653735393238346564
32303264366630303238383065653638386661313763623130343763643062313333326639636634
65643964303464373863383139326563303531323661313337316433346662383233346465646137
39313731303261666366613837653238393161303534646434653638656462653836666431626638
34336664396537323036383532613762633732613232353965356130303061386564643361343134
37343138633438306131653030376663393632616536613737303337336661303863383063623364
32393939323665323762363739616466303330393435393530363036653339636437623563613935
34363638306334326466306434316434393733306163353064303533613536613437313966306338
64363734373232366435383361626334323235386565373365313839373365616464316538383761
35373231613238316565383162343566613035616539613264383433623134343637636530366336
38663032363162613531333462643134346133383564643566613935396566303431613662383736
36643234643434626630333066306463313163636631623163303463373961343530616634616331
34613632616362393062386430333461633032363361353033376362626435313331663231326134
35613730306238373133663766323331306637643031396362663238623738646331666137616535
34336563643163386334356561643739386437353266373838373133363837333138366635386561
63333433306139333338613433346664653065656431353566343739353866653138613039333738
30306632373935363635313664383037336565323237636134323434303966623231636132323931
37356232343733376133326538383163363134323535386535353434663431666435396163306133
34346561633666356366376263666236333139383434386337386665653334356337616537313434
38663132663438393361353239326162323463363636333562613164636466386331333666393662
65393839386433653862326261646234623438313665353461336463666130643332346262323761
63333434313430666630663364663230373535333361303133333735316165326330656332353439
63356665633631383132393438643262653138303365333064303938623739396464333930353865
37666636323863653939306331653965346434316633623030353662346436366234326535663737
32633338633930333231343639303834626231623236346534613634356463636463653035633233
37363137643937343538643735306162623636643033363431333665366335366132653863643139
66363031326364663838373261653766663730316263626234303264306138396338336331303133
61373130356230613034613932323061633763323861643164316435396263636262346331633238
61643432326162616338646231623532393361616634656633313061373166613533396164623132
64646233626631303833333064393939373634356539643764643363626331383365633736613065
64383065383233353333633161326338653730616264333262653234343133336263613161643039
65356638626462613434373864346634646666613064373430363232373135393230636664343132
33383934353266623939383262306635393532346363616166366563626539333865353034373438
34393263303633373361383438386361653036623637663965336663663639616531363136363130
39373838643232376538646331373166373463663635346464333133663432376437316531646138
34663230663138383265623330396135643963663363616430316134303336346231663638663737
65326230366562373862653165613566653437633162656538656437333666343262373864303965
35313130376632643939663233333031393434376562313362653734636361666533303138316663
66623262646634313134396663646363393163336433633365356361393330393039623730383533
39616336363062653935646465306466653362303337343865313766363861616262326462383133
33646633663339343162633661303837326133653134613363373463373035363331393566363634
36383134343139346336643364646462386165373031356137303132623837356638313435336331
36623865343139386131316131393135616432356538613039666562313838366633376539663135
39643135363738646564356462613665383565383231663437653536643066653230653862393935
33643365333261636565613539366666643130343732303763636261353336363937653262396238
34663364323261643361626137333334373462333366316164633861666530643466346462653463
65343030633231396532613666393030613330363565396533383065373563653238646365343939
38393665336664653961623661396466363666363832323464653837353937623563633462356632
38626339356235383964346636346238326636326235373666386637613435633238343039343139
32326566373632633838376564653531363566323439393565646334643139663736323765646366
37386662373533653963666266633335336161616234353563356635363966653638366130343763
34343535313330326237346434343237303632333463396430356135333037346261396162363661
33326631316565353330613366306264393830653934663231633631663332623530323238386533
35613234303134376339326639623837643437393337633937633165653730306236393864373134
63303739336562613436336537633933616665653136623265356339326162343836336436663738
32616231396238366563323161376466363938333661313733666138646262383934626532626237
33356136633536316265336236623035316133376264313933663131623465306663336235373466
64346164393834623436366635393636343264383465616533326634363930386234663230613439
36396333383565383666303365333430313635663532323738663034623566393236393362363237
30386632363564333932643961633162383163323266666266336166663864623832343335633962
63356238313266343665356139363437336364626361336135376662336162383239373932363235
32623635613035386334353437373039313336613430316332383531336435323736303634333932
66306634313131363163333566306239306131626263333539616263366264633861303632353431
64313636373334643433303261666137646665356164363133366639663635633261346562353930
34333730623234373034333865653862383235336635363063343134333032393033336363393133
37343935633538653462303765623931383532313262393764343835616631306136373633343163
32306435633931363639663431383439613239343735613862633461626134653765646362396130
39646233353032613537336131626639363237636132306138386638656432333762303033653034
37363963643232393838316163396363383639346537613436313537353931353837383132663735
66393436386535383864626636623564366465323061656662353430663530363263393666376639
65376638336561366438346365303035306531643662363632393662353462306337356435616537
31366237313733663938616635646139353933323130623134353163383765343439353063626433
31633338623565356639626434633832636538323837343730393732626231303064383365643563
32653235633530623935383537356332373365663630343561346331383432393461373833613633
61663935393034636634666262666266363962663763633864393861386533633737393233663639
31623039333865616633653962633331363363613031326639393739393731326239376431613963
38376238353134366633373234613439373665666233386662313763613735383662356466316333
32353533316438613439343335613635376434663937333939333461366232316137336539633361
65303334313362386132623566633034656138303661366662313361633637653165353366373038
37633533636364363435636266306136646437303536616166653233646530623261383062373666
32383736646537373765623563396230306563336539326162313962613463623562383361643266
33323235353933396631663437643833343331343030343030383832346639396564303232346233
61383035353135663363353335343632656466346330336131626262383732363735613633353135
65623765643764393635333634376434396630373532643964393061643862616232333165613038
30623961346264393361323565623331393838623736633830333938623535623834626465336437
37333036346130346263656339373566383231343739633931653237623961343866343462333638
30633730386661363433666330343434356266383037353533313135666637353664316263353638
37333661303165656565646134316430656431376564313064656131376637353038343163653932
31643737333162643533623561396364363632353930383236653064636430303066633136633464
35373333393564626138396335326433326261613962363661393465323537626666636433303134
39326633626430376161316330343263303139666138386432663365386466633833613339353832
37396666393432656638346331653665336637663036646535383563363664376137643761386330
39316339663166346639663962373264626463353637346464633861613934616136643539393631
39333331343663383062316663343838336561396233306562613838316562353164393766623832
34353663366235616235633463656661373636626432663135353032343431626461313539383366
37346339393933633966393838653434316465356531343537663737376161323932346434326536
39356637653639663331363338616135366132626232343135306635386365633034336262323634
63646234396261303732656330663033346664316333393466383465373230343534303139303539
33663638363133303064663637323532336235653030303465313364636565383937336164353666
39373961383432303831343932323238303531613132303163363330663063373765613031316533
64666461613130633732373066383163646137363839623034323337336163663635353565303464
39656566636463616363666361626162343432373961643561336666303130613936303666303638
65623933663137393430623239306130373338373366646237646533343230306634343765316530
65323038663563376261
